{
 "cells": [
  {
   "cell_type": "code",
   "execution_count": 8,
   "id": "3d25c2d8",
   "metadata": {},
   "outputs": [
    {
     "name": "stdout",
     "output_type": "stream",
     "text": [
      "Adjacency Matrix:\n",
      "[[0.00000000e+00 3.72388778e-02 2.90576126e-02 2.07760912e-02\n",
      "  1.63797609e-02 1.20954249e-02 1.40450027e-02 8.49080359e-03\n",
      "  5.67504931e-03 1.34478212e-02 1.64340507e-02 2.09790308e-02\n",
      "  1.21020227e-02 2.90649125e-02 1.40450027e-02 0.00000000e+00\n",
      "  0.00000000e+00 0.00000000e+00 0.00000000e+00 0.00000000e+00]\n",
      " [3.72388778e-02 0.00000000e+00 2.14231845e-02 1.39059731e-02\n",
      "  1.15837312e-02 1.69885204e-02 2.18606081e-02 8.83941312e-03\n",
      "  6.60008010e-03 1.16659264e-02 1.16064384e-02 1.39415735e-02\n",
      "  1.69915801e-02 2.15562505e-02 2.18606081e-02 0.00000000e+00\n",
      "  0.00000000e+00 0.00000000e+00 0.00000000e+00 0.00000000e+00]\n",
      " [2.90576126e-02 2.14231845e-02 0.00000000e+00 2.83247576e-02\n",
      "  1.93277401e-02 1.23008268e-02 1.10508635e-02 6.58190734e-03\n",
      "  5.11171844e-03 9.37690262e-03 1.93369512e-02 2.78377359e-02\n",
      "  1.23188640e-02 2.03248857e+00 1.10508635e-02 0.00000000e+00\n",
      "  0.00000000e+00 0.00000000e+00 0.00000000e+00 0.00000000e+00]\n",
      " [2.07760912e-02 1.39059731e-02 2.83247576e-02 0.00000000e+00\n",
      "  6.08305394e-02 8.61989689e-03 8.49975525e-03 6.32705489e-03\n",
      "  4.47697184e-03 9.94533982e-03 6.09377554e-02 7.17231186e-01\n",
      "  8.62797245e-03 2.79364216e-02 8.49975525e-03 0.00000000e+00\n",
      "  0.00000000e+00 0.00000000e+00 0.00000000e+00 0.00000000e+00]\n",
      " [1.63797609e-02 1.15837312e-02 1.93277401e-02 6.08305394e-02\n",
      "  0.00000000e+00 7.55629711e-03 7.58398688e-03 6.10169785e-03\n",
      "  4.21540667e-03 9.77317317e-03 3.10210783e+00 6.27665646e-02\n",
      "  7.56236001e-03 1.91460236e-02 7.58398688e-03 0.00000000e+00\n",
      "  0.00000000e+00 0.00000000e+00 0.00000000e+00 0.00000000e+00]\n",
      " [1.20954249e-02 1.69885204e-02 1.23008268e-02 8.61989689e-03\n",
      "  7.55629711e-03 0.00000000e+00 1.96947837e-02 6.61213446e-03\n",
      "  7.67015762e-03 7.05866199e-03 7.56007606e-03 8.58995891e-03\n",
      "  5.12276208e+00 1.23749046e-02 1.96947837e-02 0.00000000e+00\n",
      "  0.00000000e+00 0.00000000e+00 0.00000000e+00 0.00000000e+00]\n",
      " [1.40450027e-02 2.18606081e-02 1.10508635e-02 8.49975525e-03\n",
      "  7.58398688e-03 1.96947837e-02 0.00000000e+00 9.87863376e-03\n",
      "  9.45200037e-03 9.61351031e-03 7.59437233e-03 8.51418824e-03\n",
      "  1.96409229e-02 1.10954161e-02 0.00000000e+00 0.00000000e+00\n",
      "  0.00000000e+00 0.00000000e+00 0.00000000e+00 0.00000000e+00]\n",
      " [8.49080359e-03 8.83941312e-03 6.58190734e-03 6.32705489e-03\n",
      "  6.10169785e-03 6.61213446e-03 9.87863376e-03 0.00000000e+00\n",
      "  7.16614479e-03 1.47213667e-02 6.11314519e-03 6.36892880e-03\n",
      "  6.60696437e-03 6.58468750e-03 9.87863376e-03 0.00000000e+00\n",
      "  0.00000000e+00 0.00000000e+00 0.00000000e+00 0.00000000e+00]\n",
      " [5.67504931e-03 6.60008010e-03 5.11171844e-03 4.47697184e-03\n",
      "  4.21540667e-03 7.67015762e-03 9.45200037e-03 7.16614479e-03\n",
      "  0.00000000e+00 5.41415454e-03 4.21886676e-03 4.48176422e-03\n",
      "  7.65875614e-03 5.12197201e-03 9.45200037e-03 0.00000000e+00\n",
      "  0.00000000e+00 0.00000000e+00 0.00000000e+00 0.00000000e+00]\n",
      " [1.34478212e-02 1.16659264e-02 9.37690262e-03 9.94533982e-03\n",
      "  9.77317317e-03 7.05866199e-03 9.61351031e-03 1.47213667e-02\n",
      "  5.41415454e-03 0.00000000e+00 9.80393877e-03 1.00715759e-02\n",
      "  7.05684538e-03 9.36536592e-03 9.61351031e-03 0.00000000e+00\n",
      "  0.00000000e+00 0.00000000e+00 0.00000000e+00 0.00000000e+00]\n",
      " [1.64340507e-02 1.16064384e-02 1.93369512e-02 6.09377554e-02\n",
      "  3.10210783e+00 7.56007606e-03 7.59437233e-03 6.11314519e-03\n",
      "  4.21886676e-03 9.80393877e-03 0.00000000e+00 6.29820474e-02\n",
      "  7.56612264e-03 1.91551351e-02 7.59437233e-03 0.00000000e+00\n",
      "  0.00000000e+00 0.00000000e+00 0.00000000e+00 0.00000000e+00]\n",
      " [2.09790308e-02 1.39415735e-02 2.78377359e-02 7.17231186e-01\n",
      "  6.27665646e-02 8.58995891e-03 8.51418824e-03 6.36892880e-03\n",
      "  4.48176422e-03 1.00715759e-02 6.29820474e-02 0.00000000e+00\n",
      "  8.59784018e-03 2.74636961e-02 8.51418824e-03 0.00000000e+00\n",
      "  0.00000000e+00 0.00000000e+00 0.00000000e+00 0.00000000e+00]\n",
      " [1.21020227e-02 1.69915801e-02 1.23188640e-02 8.62797245e-03\n",
      "  7.56236001e-03 5.12276208e+00 1.96409229e-02 6.60696437e-03\n",
      "  7.65875614e-03 7.05684538e-03 7.56612264e-03 8.59784018e-03\n",
      "  0.00000000e+00 1.23931809e-02 1.96409229e-02 0.00000000e+00\n",
      "  0.00000000e+00 0.00000000e+00 0.00000000e+00 0.00000000e+00]\n",
      " [2.90649125e-02 2.15562505e-02 2.03248857e+00 2.79364216e-02\n",
      "  1.91460236e-02 1.23749046e-02 1.10954161e-02 6.58468750e-03\n",
      "  5.12197201e-03 9.36536592e-03 1.91551351e-02 2.74636961e-02\n",
      "  1.23931809e-02 0.00000000e+00 1.10954161e-02 0.00000000e+00\n",
      "  0.00000000e+00 0.00000000e+00 0.00000000e+00 0.00000000e+00]\n",
      " [1.40450027e-02 2.18606081e-02 1.10508635e-02 8.49975525e-03\n",
      "  7.58398688e-03 1.96947837e-02 0.00000000e+00 9.87863376e-03\n",
      "  9.45200037e-03 9.61351031e-03 7.59437233e-03 8.51418824e-03\n",
      "  1.96409229e-02 1.10954161e-02 0.00000000e+00 0.00000000e+00\n",
      "  0.00000000e+00 0.00000000e+00 0.00000000e+00 0.00000000e+00]\n",
      " [0.00000000e+00 0.00000000e+00 0.00000000e+00 0.00000000e+00\n",
      "  0.00000000e+00 0.00000000e+00 0.00000000e+00 0.00000000e+00\n",
      "  0.00000000e+00 0.00000000e+00 0.00000000e+00 0.00000000e+00\n",
      "  0.00000000e+00 0.00000000e+00 0.00000000e+00 0.00000000e+00\n",
      "  0.00000000e+00 0.00000000e+00 0.00000000e+00 0.00000000e+00]\n",
      " [0.00000000e+00 0.00000000e+00 0.00000000e+00 0.00000000e+00\n",
      "  0.00000000e+00 0.00000000e+00 0.00000000e+00 0.00000000e+00\n",
      "  0.00000000e+00 0.00000000e+00 0.00000000e+00 0.00000000e+00\n",
      "  0.00000000e+00 0.00000000e+00 0.00000000e+00 0.00000000e+00\n",
      "  0.00000000e+00 0.00000000e+00 0.00000000e+00 0.00000000e+00]\n",
      " [0.00000000e+00 0.00000000e+00 0.00000000e+00 0.00000000e+00\n",
      "  0.00000000e+00 0.00000000e+00 0.00000000e+00 0.00000000e+00\n",
      "  0.00000000e+00 0.00000000e+00 0.00000000e+00 0.00000000e+00\n",
      "  0.00000000e+00 0.00000000e+00 0.00000000e+00 0.00000000e+00\n",
      "  0.00000000e+00 0.00000000e+00 0.00000000e+00 0.00000000e+00]\n",
      " [0.00000000e+00 0.00000000e+00 0.00000000e+00 0.00000000e+00\n",
      "  0.00000000e+00 0.00000000e+00 0.00000000e+00 0.00000000e+00\n",
      "  0.00000000e+00 0.00000000e+00 0.00000000e+00 0.00000000e+00\n",
      "  0.00000000e+00 0.00000000e+00 0.00000000e+00 0.00000000e+00\n",
      "  0.00000000e+00 0.00000000e+00 0.00000000e+00 0.00000000e+00]\n",
      " [0.00000000e+00 0.00000000e+00 0.00000000e+00 0.00000000e+00\n",
      "  0.00000000e+00 0.00000000e+00 0.00000000e+00 0.00000000e+00\n",
      "  0.00000000e+00 0.00000000e+00 0.00000000e+00 0.00000000e+00\n",
      "  0.00000000e+00 0.00000000e+00 0.00000000e+00 0.00000000e+00\n",
      "  0.00000000e+00 0.00000000e+00 0.00000000e+00 0.00000000e+00]]\n",
      "\n",
      "Degree Matrix:\n",
      "[[0.00408678 0.         0.         0.         0.         0.\n",
      "  0.         0.         0.         0.         0.         0.\n",
      "  0.         0.         0.         0.         0.         0.\n",
      "  0.         0.        ]\n",
      " [0.         0.00337661 0.         0.         0.         0.\n",
      "  0.         0.         0.         0.         0.         0.\n",
      "  0.         0.         0.         0.         0.         0.\n",
      "  0.         0.        ]\n",
      " [0.         0.         0.00256379 0.         0.         0.\n",
      "  0.         0.         0.         0.         0.         0.\n",
      "  0.         0.         0.         0.         0.         0.\n",
      "  0.         0.        ]\n",
      " [0.         0.         0.         0.00362962 0.         0.\n",
      "  0.         0.         0.         0.         0.         0.\n",
      "  0.         0.         0.         0.         0.         0.\n",
      "  0.         0.        ]\n",
      " [0.         0.         0.         0.         0.00260377 0.\n",
      "  0.         0.         0.         0.         0.         0.\n",
      "  0.         0.         0.         0.         0.         0.\n",
      "  0.         0.        ]\n",
      " [0.         0.         0.         0.         0.         0.00250614\n",
      "  0.         0.         0.         0.         0.         0.\n",
      "  0.         0.         0.         0.         0.         0.\n",
      "  0.         0.        ]\n",
      " [0.         0.         0.         0.         0.         0.\n",
      "  0.00040566 0.         0.         0.         0.         0.\n",
      "  0.         0.         0.         0.         0.         0.\n",
      "  0.         0.        ]\n",
      " [0.         0.         0.         0.         0.         0.\n",
      "  0.         0.00124198 0.         0.         0.         0.\n",
      "  0.         0.         0.         0.         0.         0.\n",
      "  0.         0.        ]\n",
      " [0.         0.         0.         0.         0.         0.\n",
      "  0.         0.         0.00035968 0.         0.         0.\n",
      "  0.         0.         0.         0.         0.         0.\n",
      "  0.         0.        ]\n",
      " [0.         0.         0.         0.         0.         0.\n",
      "  0.         0.         0.         0.00100939 0.         0.\n",
      "  0.         0.         0.         0.         0.         0.\n",
      "  0.         0.        ]\n",
      " [0.         0.         0.         0.         0.         0.\n",
      "  0.         0.         0.         0.         0.00146208 0.\n",
      "  0.         0.         0.         0.         0.         0.\n",
      "  0.         0.        ]\n",
      " [0.         0.         0.         0.         0.         0.\n",
      "  0.         0.         0.         0.         0.         0.00197837\n",
      "  0.         0.         0.         0.         0.         0.\n",
      "  0.         0.        ]\n",
      " [0.         0.         0.         0.         0.         0.\n",
      "  0.         0.         0.         0.         0.         0.\n",
      "  0.00095541 0.         0.         0.         0.         0.\n",
      "  0.         0.        ]\n",
      " [0.         0.         0.         0.         0.         0.\n",
      "  0.         0.         0.         0.         0.         0.\n",
      "  0.         0.00019667 0.         0.         0.         0.\n",
      "  0.         0.        ]\n",
      " [0.         0.         0.         0.         0.         0.\n",
      "  0.         0.         0.         0.         0.         0.\n",
      "  0.         0.         0.00018325 0.         0.         0.\n",
      "  0.         0.        ]\n",
      " [0.         0.         0.         0.         0.         0.\n",
      "  0.         0.         0.         0.         0.         0.\n",
      "  0.         0.         0.         0.         0.         0.\n",
      "  0.         0.        ]\n",
      " [0.         0.         0.         0.         0.         0.\n",
      "  0.         0.         0.         0.         0.         0.\n",
      "  0.         0.         0.         0.         0.         0.\n",
      "  0.         0.        ]\n",
      " [0.         0.         0.         0.         0.         0.\n",
      "  0.         0.         0.         0.         0.         0.\n",
      "  0.         0.         0.         0.         0.         0.\n",
      "  0.         0.        ]\n",
      " [0.         0.         0.         0.         0.         0.\n",
      "  0.         0.         0.         0.         0.         0.\n",
      "  0.         0.         0.         0.         0.         0.\n",
      "  0.         0.        ]\n",
      " [0.         0.         0.         0.         0.         0.\n",
      "  0.         0.         0.         0.         0.         0.\n",
      "  0.         0.         0.         0.         0.         0.\n",
      "  0.         0.        ]]\n"
     ]
    }
   ],
   "source": [
    "# Object Graph Feature Extraction for Rotated Bounding Boxes\n",
    "\n",
    "import json\n",
    "import numpy as np\n",
    "import os\n",
    "\n",
    "# Function to load JSON data\n",
    "def load_json(filepath):\n",
    "    with open(filepath, 'r') as f:\n",
    "        return json.load(f)\n",
    "\n",
    "# Function to calculate area of rotated bounding box\n",
    "def calculate_rotated_bbox_area(bbox):\n",
    "    _, _, width, height, _, _ = bbox\n",
    "    return width * height\n",
    "\n",
    "# Function to build adjacency and degree matrices\n",
    "def build_matrices(json_file_path, num_classes=20, image_size=(255, 255)):\n",
    "    data = load_json(json_file_path)\n",
    "    num_objects = len(data)\n",
    "\n",
    "    # Limit the number of objects to the predefined number of classes (20)\n",
    "    num_objects = min(num_objects, num_classes)\n",
    "\n",
    "    # Initialize adjacency and degree matrices\n",
    "    adjacency_matrix = np.zeros((num_classes, num_classes), dtype=float)\n",
    "    degree_matrix = np.zeros((num_classes, num_classes), dtype=float)\n",
    "    \n",
    "    # Create a label mapping based on the JSON data without removing duplicates\n",
    "    label_mapping = {f\"obj{i}\": i for i in range(num_objects)}\n",
    "    for i in range(num_objects, num_classes):\n",
    "        label_mapping[f\"nothing{i}\"] = i\n",
    "\n",
    "    # Iterate through all objects and populate the matrices\n",
    "    for i in range(num_objects):\n",
    "        obj1 = data[i]\n",
    "        class_idx_1 = label_mapping[f\"obj{i}\"]\n",
    "\n",
    "        # Calculate degree contribution (normalized area * probability)\n",
    "        bbox_area = calculate_rotated_bbox_area(obj1['bbox'])\n",
    "        normalized_area = bbox_area / (image_size[0] * image_size[1])  # Normalize area by image size\n",
    "        probability = abs(obj1['bbox'][-1])  # Example to get probability\n",
    "        degree_matrix[class_idx_1, class_idx_1] += (normalized_area * probability)\n",
    "\n",
    "        # Calculate adjacency relationships between every pair of objects\n",
    "        for j in range(num_objects):\n",
    "            if i == j:\n",
    "                continue\n",
    "            obj2 = data[j]\n",
    "            class_idx_2 = label_mapping[f\"obj{j}\"]\n",
    "\n",
    "            # Relative distance can be calculated here between object pairs\n",
    "            x1, y1, _, _, _, _ = obj1['bbox']\n",
    "            x2, y2, _, _, _, _ = obj2['bbox']\n",
    "            distance = np.sqrt((x2 - x1) ** 2 + (y2 - y1) ** 2)\n",
    "\n",
    "            # Arbitrary calculation for adjacency weight based on distance\n",
    "            if distance > 0:\n",
    "                weight = 1.0 / distance\n",
    "            else:\n",
    "                weight = 0  # Distance should not be zero unless objects overlap perfectly\n",
    "            \n",
    "            adjacency_matrix[class_idx_1, class_idx_2] += weight\n",
    "\n",
    "    # Set diagonal of adjacency matrix to zero\n",
    "    np.fill_diagonal(adjacency_matrix, 0)\n",
    "    return adjacency_matrix, degree_matrix\n",
    "\n",
    "# Example usage\n",
    "json_path = \"./det_json/airport_2.json\"\n",
    "adjacency_matrix, degree_matrix = build_matrices(json_path)\n",
    "\n",
    "print(\"Adjacency Matrix:\")\n",
    "print(adjacency_matrix)\n",
    "\n",
    "print(\"\\nDegree Matrix:\")\n",
    "print(degree_matrix)\n"
   ]
  },
  {
   "cell_type": "code",
   "execution_count": null,
   "id": "ef267d56",
   "metadata": {},
   "outputs": [],
   "source": []
  },
  {
   "cell_type": "code",
   "execution_count": null,
   "id": "899c875c",
   "metadata": {},
   "outputs": [],
   "source": []
  },
  {
   "cell_type": "code",
   "execution_count": null,
   "id": "d09322e6",
   "metadata": {},
   "outputs": [],
   "source": []
  },
  {
   "cell_type": "code",
   "execution_count": null,
   "id": "479ba549",
   "metadata": {},
   "outputs": [],
   "source": []
  },
  {
   "cell_type": "code",
   "execution_count": null,
   "id": "ab1fefde",
   "metadata": {},
   "outputs": [],
   "source": []
  },
  {
   "cell_type": "code",
   "execution_count": null,
   "id": "be20d78c",
   "metadata": {},
   "outputs": [],
   "source": []
  },
  {
   "cell_type": "code",
   "execution_count": null,
   "id": "bd43fa16",
   "metadata": {},
   "outputs": [],
   "source": []
  },
  {
   "cell_type": "code",
   "execution_count": null,
   "id": "ef315008",
   "metadata": {},
   "outputs": [],
   "source": []
  },
  {
   "cell_type": "code",
   "execution_count": null,
   "id": "0a0bd37e",
   "metadata": {},
   "outputs": [],
   "source": []
  }
 ],
 "metadata": {
  "kernelspec": {
   "display_name": "Python 3",
   "language": "python",
   "name": "python3"
  },
  "language_info": {
   "codemirror_mode": {
    "name": "ipython",
    "version": 3
   },
   "file_extension": ".py",
   "mimetype": "text/x-python",
   "name": "python",
   "nbconvert_exporter": "python",
   "pygments_lexer": "ipython3",
   "version": "3.8.8"
  }
 },
 "nbformat": 4,
 "nbformat_minor": 5
}
